8
3
6
2
13
6
7
1
6
2
20
4
2
1
6
3
10
10
3
9
1
4
2
14
9
3
12
4
2
13
1
12
4
2
13
1
16
4
2
13
1
17
4
2
13
1
15
4
2
13
1
17
4
2
13
1
14
4
2
13
1
14
4
2
13
1
26
4
2
13
1
27
4
2
13
1
13
4
2
14
1
30
4
2
14
1
26
4
2
14
1
30
4
2
14
1
25
4
2
14
1
24
4
2
14
16
3
3
4
2
18
17
3
1
3
1
10
3
4
2
19
14
3
1
10
16
1
21
4
2
16
26
3
1
8
9
3
1
28
4
2
28
27
3
1
9
9
3
1
29
4
2
29
12
3
1
8
16
1
6
4
2
14
1
1
7
8
4
1
6
4
2
14
12
3
3
1
16
1
23
4
2
14
1
3
1
18
1
25
4
2
14
17
3
3
1
16
1
15
10
28
4
2
19
1
3
1
18
1
15
10
30
4
2
19
14
3
1
10
18
1
6
21
4
2
16
1
1
10
18
1
17
21
4
2
16
13
3
1
9
18
1
6
20
4
2
15
25
3
1
9
7
4
1
12
4
2
15
30
3
1
7
1
22
1
3
11
1
13
4
2
32
26
3
1
7
1
22
1
3
8
1
13
4
2
28
30
3
1
7
1
22
1
3
11
1
13
4
2
32
24
3
1
14
4
1
24
1
4
9
1
4
2
26
24
3
6
4
2
26
1
4
4
2
26
1
7
4
2
26
15
3
3
1
16
1
16
4
2
17
1
3
1
18
1
18
4
2
17
16
3
18
1
4
2
18
9
2
11
6
2
1
18
3
20
1
4
2
20
9
2
11
6
2
1
18
3
17
1
4
2
20
9
2
19
6
2
1
20
3
19
1
4
2
22
9
2
19
6
2
1
17
3
3
29
4
2
19
19
3
3
31
4
2
21
21
3
27
4
2
23
21
3
27
4
2
23
20
3
26
4
2
22
29
3
35
4
2
31
28
3
34
4
2
30
29
3
35
4
2
31
23
3
29
4
2
25
28
3
34
4
2
30
31
3
37
4
2
33
25
3
31
4
2
27
30
3
36
4
2
32
27
3
21
1
4
2
29
27
3
21
1
4
2
29
26
3
20
1
4
2
28
35
3
29
1
4
2
37
34
3
28
1
4
2
36
35
3
29
1
4
2
37
29
3
23
1
4
2
31
34
3
28
1
4
2
36
37
3
31
1
4
2
39
31
3
25
1
4
2
33
36
3
30
1
4
2
38
21
3
6
4
2
23
1
13
4
2
23
21
3
21
4
2
23
1
13
4
2
23
20
3
21
4
2
22
1
20
4
2
22
1
24
4
2
22
1
21
4
2
22
1
13
4
2
22
29
3
21
4
2
31
1
13
4
2
31
28
3
6
4
2
30
1
20
4
2
30
1
13
4
2
30
29
3
6
4
2
31
1
18
4
2
31
1
19
4
2
31
1
19
4
2
31
1
6
4
2
31
1
13
4
2
31
23
3
6
4
2
25
1
18
4
2
25
1
19
4
2
25
1
19
4
2
25
1
6
4
2
25
1
13
4
2
25
28
3
6
4
2
30
1
25
4
2
30
1
22
4
2
30
1
6
4
2
30
1
13
4
2
30
31
3
6
4
2
33
1
13
4
2
33
25
3
6
4
2
27
1
13
4
2
27
30
3
25
4
2
32
1
22
4
2
32
1
13
4
2
32
13
3
3
4
2
15
6
3
1
8
4
1
13
4
2
10
18
3
1
7
4
6
1
4
2
20
19
3
1
7
4
7
1
4
2
21
19
3
1
7
4
7
1
4
2
21
25
3
1
11
4
1
15
4
2
27
22
3
1
8
4
1
7
4
2
24
20
3
1
6
4
1
16
4
2
22
24
3
1
10
4
1
16
4
2
26
21
3
1
7
4
1
17
4
2
23
28
3
1
14
4
1
23
4
2
30
1
1
6
6
4
1
23
4
2
30
20
3
1
11
4
1
7
4
2
22
1
1
6
4
1
7
4
2
22
23
3
5
4
2
25
1
6
4
2
25
8
3
1
6
4
1
18
4
2
10
21
3
1
7
4
1
22
4
2
23
22
3
12
19
4
2
24
19
3
1
3
1
11
4
2
21
19
3
4
2
21
11
3
4
4
2
13
1
5
4
2
13
18
3
15
4
2
20
1
20
4
2
20
12
3
15
4
2
14
1
20
4
2
14
12
3
15
4
2
14
1
20
4
2
14
1
21
4
2
14
3
3
13
4
2
7
3
3
13
1
4
2
7
13
3
15
4
2
15
1
22
4
2
15
1
32
4
2
15
32
3
1
3
1
18
1
3
1
4
2
34
18
3
13
1
4
2
20
15
3
6
4
2
17
1
17
4
2
17
6
3
13
4
2
10
13
3
11
4
2
15
1
16
4
2
15
13
3
11
4
2
15
1
22
4
2
15
1
18
4
2
15
10
3
3
4
2
14
1
3
4
2
14
8
1
10
10
1
11
1
8
1
14
14
1
25
1
33
25
1
3
19
21
33
1
3
19
19
1
19
1
21
1
22
19
1
23
16
1
5
18
1
3
11
1
4
19
1
3
17
1
8
1
7
16
1
9
1
6
9
6
1
6
9
1
11
1
7
1
4
21
1
14
29
22
1
14
29
29
1
12
1
30
1
12
1
17
1
29
14
1
4
11
1
17
1
9
2
14
6
2
1
11
1
29
15
1
8
30
16
1
3
23
3
23
1
21
1
18
1
31
29
32
31
1
3
31
1
3
10
32
1
3
32
1
10
3
29
1
24
1
9
2
34
34
1
3
34
1
3
10
24
1
7
1
8
1
9
1
10
1
6
1
5
1
8
1
6
1
7
1
8
1
5
22
1
24
27
20
1
24
24
1
13
18
18
1
19
17
1
21
21
1
6
29
17
1
14
1
18
29
1
7
17
1
3
3
3
17
1
3
3
3
3
3
3
3
3
3
17
1
3
3
3
3
3
3
3
17
1
3
3
3
3
3
3
43
1
3
3
3
3
3
43
1
3
3
3
3
43
1
3
3
3
43
1
3
3
43
1
15
5
5
17
1
5
5
41
1
5
41
43
1
21
1
31
17
1
14
41
1
21
1
33
17
1
14
13
1
3
14
1
3
5
1
5
15
1
5
3
1
12
7
1
11
6
1
4
19
1
30
31
1
40
33
1
33
17
1
19
27
19
1
9
21
21
1
18
1
20
18
1
15
21
1
18
13
30
1
27
21
1
18
13
32
1
29
21
1
18
13
21
1
3
15
13
1
3
17
1
13
13
1
10
1
21
20
1
6
28
17
1
6
25
28
1
7
21
1
3
3
3
21
1
3
3
3
3
3
3
3
3
3
21
1
3
3
3
3
3
3
3
21
1
3
3
3
3
3
3
47
1
3
3
3
3
3
47
1
3
3
3
3
47
1
3
3
3
47
1
3
3
47
1
15
5
5
21
1
5
5
45
1
5
45
47
1
3
15
13
1
3
17
1
20
1
30
1
10
45
1
3
15
13
1
3
17
1
20
1
32
1
10
25
1
7
13
1
3
3
3
13
1
3
3
3
3
3
13
1
3
3
3
3
39
1
3
3
3
39
1
3
3
39
1
15
5
5
13
1
5
5
37
1
5
37
39
1
17
1
27
13
1
10
37
1
17
1
29
13
1
10
10
1
3
9
1
3
1
4
15
1
38
27
1
48
29
1
41
18
1
4
23
4
23
1
11
1
27
1
26
1
26
1
5
26
1
4
