3215
3224
3230
3237
3240
3255
3262
3270
3274
3281
3284
3307
3314
3317
3320
3327
3331
3343
3354
3358
3367
3369
3374
3377
3393
3403
3411
3426
3431
3434
3450
3452
3467
3472
3475
3491
3493
3512
3517
3520
3536
3538
3558
3563
3566
3582
3584
3602
3607
3610
3626
3628
3648
3653
3656
3672
3674
3691
3696
3699
3715
3717
3734
3739
3742
3758
3760
3788
3793
3796
3812
3814
3843
3848
3851
3867
3869
3889
3894
3897
3914
3916
3947
3952
3955
3972
3974
4002
4007
4010
4027
4029
4060
4065
4068
4085
4087
4114
4119
4122
4139
4141
4167
4172
4175
4191
4211
4215
4226
4231
4234
4253
4272
4276
4277
4280
4282
4293
4301
4306
4309
4329
4346
4350
4351
4362
4378
4380
4403
4408
4411
4428
4455
4459
4460
4469
4479
4482
4484
4513
4518
4521
4550
4578
4582
4583
4593
4603
4606
4608
4638
4643
4646
4677
4690
4697
4698
4707
4723
4725
4732
4737
4740
4756
4758
4759
4767
4776
4780
4786
4793
4798
4801
4817
4830
4837
4841
4842
4858
4862
4886
4891
4894
4910
4912
4916
4917
4935
4937
4963
4968
4971
4987
5005
5012
5016
5017
5033
5037
5053
5064
5093
5098
5101
5122
5124
5128
5129
5147
5149
5165
5176
5207
5212
5215
5236
5251
5258
5259
5270
5288
5290
5308
5330
5335
5338
5356
5358
5359
5370
5388
5390
5408
5430
5435
5438
5612
5643
5647
5648
5658
5676
5678
5685
5706
5711
5714
5730
5761
5765
5766
5776
5784
5788
5790
5805
5810
5813
5830
5861
5865
5866
5873
5875
5898
5899
5903
5914
5916
5930
5935
5938
5971
6002
6006
6007
6014
6016
6039
6040
6044
6052
6057
6071
6076
6079
6108
6139
6143
6144
6151
6153
6176
6177
6181
6192
6194
6208
6213
6216
6250
6275
6279
6280
6295
6299
6301
6326
6327
6332
6341
6344
6349
6352
6379
6404
6411
6418
6423
6426
6454
6456
6462
6467
6470
6498
6500
6508
6513
6516
6544
6560
6567
6571
6572
6590
6592
6609
6614
6617
6636
6638
6642
6643
6661
6663
6682
6687
6690
6709
6728
6732
6750
6752
6757
6760
6781
6791
6794
6808
6815
6818
6821
6840
6844
6864
6866
6871
6874
6897
6907
6910
6924
6931
6934
6937
6956
6960
6977
6979
6984
6987
7010
7020
7023
7045
7052
7055
7058
7079
7083
7102
7104
7109
7112
7137
7147
7150
7172
7179
7182
7185
7205
7209
7213
7243
7248
7251
7271
7291
7295
7299
7331
7336
7339
7362
7385
7389
7419
7424
7427
7451
7474
7478
7508
7513
7516
7540
7562
7566
7595
7600
7603
7626
7656
7660
7697
7702
7705
7737
7766
7770
7806
7811
7814
7845
7875
7879
7916
7921
7924
7956
7981
7985
8016
8021
8024
8050
8079
8083
8119
8124
8127
8158
8190
8194
8232
8237
8240
8274
8301
8305
8338
8343
8346
8374
8405
8409
8446
8451
8454
8488
8517
8521
8542
8545
8550
8553
8585
8618
8622
8643
8646
8651
8654
8686
8718
8722
8742
8745
8750
8753
8784
8821
8825
8854
8856
8861
8864
8903
8940
8944
8972
8974
8979
8982
9020
9057
9061
9090
9092
9097
9100
9139
9170
9174
9197
9200
9205
9208
9241
9276
9280
9308
9310
9315
9318
9356
9394
9398
9429
9431
9436
9439
9479
9512
9516
9541
9544
9549
9552
9587
9624
9628
9658
9660
9665
9668
9708
9731
9738
9747
9752
9755
9780
9782
9797
9802
9805
9830
9857
9864
9886
9891
9894
9919
9921
9936
9941
9944
9969
9995
10002
10024
10029
10032
10056
10058
10080
10085
10088
10112
10114
10139
10144
10147
10171
10173
10195
10200
10203
10227
10229
10244
10249
10252
10276
10307
10314
10336
10341
10344
10377
10379
10394
10399
10402
10435
10466
10473
10482
10487
10490
10522
10524
10546
10551
10554
10586
10588
10603
10608
10611
10643
10674
10681
10690
10695
10698
10731
10733
10753
10758
10761
10794
10796
10817
10822
10825
10858
10860
10881
10886
10889
10922
10924
10934
10939
10942
10975
10977
10992
10997
11000
11033
11058
11066
11075
11080
11083
11110
11112
11132
11137
11140
11167
11169
11190
11195
11198
11225
11227
11248
11253
11256
11283
11285
11294
11299
11302
11329
11331
11346
11351
11354
11381
11410
11417
11426
11431
11434
11466
11468
11494
11499
11502
11534
11536
11559
11564
11567
11599
11601
11611
11616
11619
11651
11653
11668
11673
11676
11708
11740
11747
11756
11761
11764
11799
11801
11816
11821
11824
11859
11885
11892
11901
11906
11909
11938
11940
11955
11960
11963
11992
12023
12030
12056
12061
12064
12098
12100
12123
12128
12131
12165
12167
12182
12187
12190
12294
12323
12327
12336
12341
12344
12360
12389
12393
12394
12409
12413
12415
12430
12435
12438
12449
12478
12482
12483
12498
12503
12509
12513
12518
12521
12542
12571
12575
12576
12591
12596
12603
12607
12612
12615
12637
12666
12670
12671
12686
12691
12698
12702
12707
12710
12732
12761
12765
12766
12781
12785
12787
12804
12809
12812
12840
12869
12873
12874
12889
12893
12895
12905
12910
12913
12938
12967
12971
12972
12987
12991
12993
13011
13016
13019
13042
13071
13075
13076
13091
13095
13097
13115
13120
13123
13150
13179
13183
13184
13199
13203
13205
13223
13228
13231
13256
13285
13292
13293
13308
13312
13314
13338
13343
13346
13378
13380
13381
13388
13396
13400
13402
13426
13431
13434
13466
13495
13502
13503
13518
13522
13524
13532
13537
13540
13564
13566
13567
13582
13586
13588
13596
13601
13604
13628
13657
13664
13670
13675
13678
13705
13707
13714
13719
13722
13749
13778
13782
13783
13790
13794
13796
13815
13820
13823
13834
13863
13867
13868
13876
13880
13882
13905
13910
13913
13938
13966
13970
13983
14003
14008
14011
14037
14057
14061
14062
14065
14067
14079
14084
14087
14109
14129
14147
14152
14155
14186
14198
14205
14211
14216
14219
14234
14236
14242
14247
14250
14265
14284
14291
14308
14313
14316
14338
14340
14362
14367
14370
14392
14411
14418
14435
14440
14443
14459
14461
14483
14488
14491
14507
14520
14527
14544
14549
14552
14568
14570
14592
14597
14600
14616
14618
14640
14645
14648
14664
14668
14672
14687
14692
14695
14703
14707
14711
14724
14727
14732
14735
14744
14758
14765
14783
14788
14791
14808
14810
14834
14839
14842
14859
14861
14894
14899
14902
14919
14952
14956
14957
14960
14962
14981
14982
14985
14988
14993
14996
15032
15051
15055
15068
15070
15075
15078
15100
15116
15124
15132
15137
15140
15160
15162
15180
15185
15188
15207
15214
15218
15232
15237
15240
15252
15266
15273
15286
15291
15294
15311
15313
15330
15335
15338
15355
15369
15376
15390
15395
15398
15415
15417
15440
15445
15448
15465
15467
15487
15492
15495
15512
15523
15530
15535
15540
15543
15559
15561
15566
15571
15574
15696
15705
15707
15718
15729
15731
15742
15762
15771
15773
15789
15804
15809
15836
15838
15873
15907
15909
15913
15933
15955
15989
15991
15995
16016
16036
16038
16057
16060
16082
16085
16108
16130
16132
16220
16237
16239
16245
16264
16266
16270
16282
16284
16289
16309
16311
16315
16333
16335
16344
16346
16355
16372
16374
16384
16386
16393
16403
16410
16412
16419
16429
16431
16442
16445
16453
16455
16461
16492
16494
16509
16539
16570
16572
16587
16617
16648
16650
16662
16664
16695
16697
16709
16862
16880
16882
16912
16927
16929
16934
16946
16948
16965
16969
16979
16982
16999
17009
17012
17015
17032
17034
17064
17081
17083
17092
17123
17140
17142
17146
17170
17174
17198
17200
17221
17224
17243
17245
17300
17337
17371
17403
17405
17409
17441
17443
17447
17459
17492
17494
17498
17531
17533
17544
17549
17579
17581
17605
17609
17619
17622
17658
17693
17695
17699
17734
17736
17740
17752
17777
17783
17793
17795
17806
17808
17820
17822
17835
17837
17846
17848
17856
17858
17869
17871
17880
17882
17892
17894
17905
17907
18544
18567
18569
18594
18622
18645
18647
18673
18698
18700
18714
18734
18761
18763
18783
18809
18811
18834
18856
18858
18865
18896
18922
18924
18947
18949
18969
19007
19009
19045
19071
19073
19077
19081
19109
19135
19137
19141
19145
19149
19153
19157
19161
19165
19169
19173
19199
19201
19205
19209
19213
19217
19221
19225
19237
19263
19265
19269
19273
19277
19281
19285
19301
19353
19355
19359
19363
19367
19371
19391
19443
19445
19449
19453
19457
19481
19533
19535
19539
19543
19571
19623
19625
19629
19661
19713
19715
19731
19737
19751
19777
19779
19785
19815
19865
19867
19903
19946
19998
20000
20030
20032
20064
20090
20092
20108
20158
20160
20190
20192
20226
20252
20254
20270
20286
20288
20292
20308
20310
20315
20331
20333
20339
20355
20357
20363
20379
20381
20394
20410
20412
20424
20440
20442
20448
20482
20484
20515
20549
20551
20592
20626
20628
21176
21194
21196
21216
21245
21265
21267
21277
21300
21330
21332
21359
21361
21383
21403
21405
21421
21444
21446
21465
21481
21513
21515
21543
21566
21568
21587
21602
21636
21638
21668
21691
21693
21712
21727
21757
21759
21763
21779
21801
21803
21807
21833
21835
21850
21872
21874
21893
21895
21918
21939
21941
21948
21978
21996
21998
22005
22032
22069
22071
22107
22137
22139
22143
22147
22175
22205
22207
22211
22215
22219
22223
22227
22231
22235
22239
22243
22273
22275
22279
22283
22287
22291
22295
22299
22311
22341
22343
22347
22351
22355
22359
22363
22379
22435
22437
22441
22445
22449
22453
22473
22529
22531
22535
22539
22543
22567
22623
22625
22629
22633
22661
22717
22719
22723
22755
22811
22813
22829
22835
22849
22879
22881
22887
22917
22971
22973
23009
23056
23112
23114
23118
23134
23156
23158
23162
23188
23190
23219
23221
23260
23262
23274
23328
23330
23334
23350
23372
23374
23378
23404
23406
23435
23437
23478
23480
23492
23526
23528
23556
23578
23580
23584
23588
23608
23630
23632
23636
23640
23644
23648
23660
23682
23684
23688
23692
23696
23712
23760
23762
23766
23770
23790
23838
23840
23844
23868
23916
23918
23934
23940
23946
23968
23970
23976
23998
24044
24046
24074
24113
24161
24163
24189
24191
24219
24241
24243
24255
24301
24303
24329
24331
24361
24383
24385
24397
24408
24410
24414
24432
24434
24446
24448
24454
24484
24486
24525
24555
24557
24606
24636
24638
24681
24705
24707
24712
24736
24741
24765
24767
24778
24781
24809
24811
24837
24839
24866
24868
24874
24901
24903
