3214
3223
3229
3236
3239
3254
3261
3269
3273
3280
3283
3306
3313
3316
3319
3326
3330
3342
3353
3357
3366
3368
3373
3376
3392
3402
3410
3425
3430
3433
3449
3451
3466
3471
3474
3490
3492
3511
3516
3519
3535
3537
3557
3562
3565
3581
3583
3601
3606
3609
3625
3627
3647
3652
3655
3671
3673
3690
3695
3698
3714
3716
3733
3738
3741
3757
3759
3787
3792
3795
3811
3813
3842
3847
3850
3866
3868
3888
3893
3896
3913
3915
3946
3951
3954
3971
3973
4001
4006
4009
4026
4028
4059
4064
4067
4084
4086
4113
4118
4121
4138
4140
4166
4171
4174
4190
4210
4214
4225
4230
4233
4252
4271
4275
4276
4279
4281
4292
4300
4305
4308
4328
4345
4349
4350
4361
4377
4379
4402
4407
4410
4427
4454
4458
4459
4468
4478
4481
4483
4512
4517
4520
4549
4577
4581
4582
4592
4602
4605
4607
4637
4642
4645
4676
4689
4696
4697
4706
4722
4724
4731
4736
4739
4755
4757
4758
4766
4775
4779
4785
4792
4797
4800
4816
4829
4836
4840
4841
4857
4861
4885
4890
4893
4909
4911
4915
4916
4934
4936
4962
4967
4970
4986
5004
5011
5015
5016
5032
5036
5052
5063
5092
5097
5100
5121
5123
5127
5128
5146
5148
5164
5175
5206
5211
5214
5235
5250
5257
5258
5269
5287
5289
5307
5329
5334
5337
5355
5357
5358
5369
5387
5389
5407
5429
5434
5437
5611
5642
5646
5647
5657
5675
5677
5684
5705
5710
5713
5729
5760
5764
5765
5775
5783
5787
5789
5804
5809
5812
5829
5860
5864
5865
5872
5874
5897
5898
5902
5913
5915
5929
5934
5937
5970
6001
6005
6006
6013
6015
6038
6039
6043
6051
6056
6070
6075
6078
6107
6138
6142
6143
6150
6152
6175
6176
6180
6191
6193
6207
6212
6215
6249
6274
6278
6279
6294
6298
6300
6325
6326
6331
6340
6343
6348
6351
6378
6403
6410
6417
6422
6425
6453
6455
6461
6466
6469
6497
6499
6507
6512
6515
6543
6559
6566
6570
6571
6589
6591
6608
6613
6616
6635
6637
6641
6642
6660
6662
6681
6686
6689
6708
6727
6731
6749
6751
6756
6759
6780
6790
6793
6807
6814
6817
6820
6839
6843
6863
6865
6870
6873
6896
6906
6909
6923
6930
6933
6936
6955
6959
6976
6978
6983
6986
7009
7019
7022
7044
7051
7054
7057
7078
7082
7101
7103
7108
7111
7136
7146
7149
7171
7178
7181
7184
7204
7208
7212
7242
7247
7250
7270
7290
7294
7298
7330
7335
7338
7361
7384
7388
7418
7423
7426
7450
7473
7477
7507
7512
7515
7539
7561
7565
7594
7599
7602
7625
7655
7659
7696
7701
7704
7736
7765
7769
7805
7810
7813
7844
7874
7878
7915
7920
7923
7955
7980
7984
8015
8020
8023
8049
8078
8082
8118
8123
8126
8157
8189
8193
8231
8236
8239
8273
8300
8304
8337
8342
8345
8373
8404
8408
8445
8450
8453
8487
8516
8520
8541
8544
8549
8552
8584
8617
8621
8642
8645
8650
8653
8685
8717
8721
8741
8744
8749
8752
8783
8820
8824
8853
8855
8860
8863
8902
8939
8943
8971
8973
8978
8981
9019
9056
9060
9089
9091
9096
9099
9138
9169
9173
9196
9199
9204
9207
9240
9275
9279
9307
9309
9314
9317
9355
9393
9397
9428
9430
9435
9438
9478
9511
9515
9540
9543
9548
9551
9586
9623
9627
9657
9659
9664
9667
9707
9730
9737
9746
9751
9754
9779
9781
9796
9801
9804
9829
9856
9863
9885
9890
9893
9918
9920
9935
9940
9943
9968
9994
10001
10023
10028
10031
10055
10057
10079
10084
10087
10111
10113
10138
10143
10146
10170
10172
10194
10199
10202
10226
10228
10243
10248
10251
10275
10306
10313
10335
10340
10343
10376
10378
10393
10398
10401
10434
10465
10472
10481
10486
10489
10521
10523
10545
10550
10553
10585
10587
10602
10607
10610
10642
10673
10680
10689
10694
10697
10730
10732
10752
10757
10760
10793
10795
10816
10821
10824
10857
10859
10880
10885
10888
10921
10923
10933
10938
10941
10974
10976
10991
10996
10999
11032
11057
11065
11074
11079
11082
11109
11111
11131
11136
11139
11166
11168
11189
11194
11197
11224
11226
11247
11252
11255
11282
11284
11293
11298
11301
11328
11330
11345
11350
11353
11380
11409
11416
11425
11430
11433
11465
11467
11493
11498
11501
11533
11535
11558
11563
11566
11598
11600
11610
11615
11618
11650
11652
11667
11672
11675
11707
11739
11746
11755
11760
11763
11798
11800
11815
11820
11823
11858
11884
11891
11900
11905
11908
11937
11939
11954
11959
11962
11991
12022
12029
12055
12060
12063
12097
12099
12122
12127
12130
12164
12166
12181
12186
12189
12293
12322
12326
12335
12340
12343
12359
12388
12392
12393
12408
12412
12414
12429
12434
12437
12448
12477
12481
12482
12497
12502
12508
12512
12517
12520
12541
12570
12574
12575
12590
12595
12602
12606
12611
12614
12636
12665
12669
12670
12685
12690
12697
12701
12706
12709
12731
12760
12764
12765
12780
12784
12786
12803
12808
12811
12839
12868
12872
12873
12888
12892
12894
12904
12909
12912
12937
12966
12970
12971
12986
12990
12992
13010
13015
13018
13041
13070
13074
13075
13090
13094
13096
13114
13119
13122
13149
13178
13182
13183
13198
13202
13204
13222
13227
13230
13255
13284
13291
13292
13307
13311
13313
13337
13342
13345
13377
13379
13380
13387
13395
13399
13401
13425
13430
13433
13465
13494
13501
13502
13517
13521
13523
13531
13536
13539
13563
13565
13566
13581
13585
13587
13595
13600
13603
13627
13656
13663
13669
13674
13677
13704
13706
13713
13718
13721
13748
13777
13781
13782
13789
13793
13795
13814
13819
13822
13833
13862
13866
13867
13875
13879
13881
13904
13909
13912
13937
13965
13969
13982
14002
14007
14010
14036
14056
14060
14061
14064
14066
14078
14083
14086
14108
14128
14146
14151
14154
14185
14197
14204
14210
14215
14218
14233
14235
14241
14246
14249
14264
14283
14290
14307
14312
14315
14337
14339
14361
14366
14369
14391
14410
14417
14434
14439
14442
14458
14460
14482
14487
14490
14506
14519
14526
14543
14548
14551
14567
14569
14591
14596
14599
14615
14617
14639
14644
14647
14663
14667
14671
14686
14691
14694
14702
14706
14710
14723
14726
14731
14734
14743
14757
14764
14782
14787
14790
14807
14809
14833
14838
14841
14858
14860
14893
14898
14901
14918
14951
14955
14956
14959
14961
14980
14981
14984
14987
14992
14995
15031
15050
15054
15067
15069
15074
15077
15099
15115
15123
15131
15136
15139
15159
15161
15179
15184
15187
15206
15213
15217
15231
15236
15239
15251
15265
15272
15285
15290
15293
15310
15312
15329
15334
15337
15354
15368
15375
15389
15394
15397
15414
15416
15439
15444
15447
15464
15466
15486
15491
15494
15511
15522
15529
15534
15539
15542
15558
15560
15565
15570
15573
15695
15704
15706
15717
15728
15730
15741
15761
15770
15772
15788
15803
15808
15835
15837
15872
15906
15908
15912
15932
15954
15988
15990
15994
16015
16035
16037
16056
16059
16081
16084
16107
16129
16131
16219
16236
16238
16244
16263
16265
16269
16281
16283
16288
16308
16310
16314
16332
16334
16343
16345
16354
16371
16373
16383
16385
16392
16402
16409
16411
16418
16428
16430
16441
16444
16452
16454
16460
16491
16493
16508
16538
16569
16571
16586
16616
16647
16649
16661
16663
16694
16696
16708
16861
16879
16881
16911
16926
16928
16933
16945
16947
16964
16968
16978
16981
16998
17008
17011
17014
17031
17033
17063
17080
17082
17091
17122
17139
17141
17145
17169
17173
17197
17199
17220
17223
17242
17244
17299
17336
17370
17402
17404
17408
17440
17442
17446
17458
17491
17493
17497
17530
17532
17543
17548
17578
17580
17604
17608
17618
17621
17657
17692
17694
17698
17733
17735
17739
17751
17776
17782
17792
17794
17805
17807
17819
17821
17834
17836
17845
17847
17855
17857
17868
17870
17879
17881
17891
17893
17904
17906
18510
18533
18535
18560
18588
18611
18613
18639
18664
18666
18680
18700
18727
18729
18749
18775
18777
18800
18822
18824
18831
18862
18888
18890
18913
18915
18935
18973
18975
19003
19029
19031
19035
19039
19059
19085
19087
19091
19095
19099
19103
19115
19141
19143
19147
19151
19155
19171
19223
19225
19229
19233
19253
19305
19307
19311
19335
19387
19389
19405
19411
19417
19443
19445
19451
19473
19523
19525
19553
19596
19648
19650
19680
19682
19714
19740
19742
19758
19808
19810
19840
19842
19876
19902
19904
19920
19936
19938
19942
19958
19960
19965
19981
19983
19989
20005
20007
20013
20029
20031
20044
20060
20062
20074
20090
20092
20098
20132
20134
20165
20199
20201
20242
20276
20278
20826
20844
20846
20866
20895
20915
20917
20927
20950
20980
20982
21009
21011
21033
21053
21055
21071
21094
21096
21115
21131
21163
21165
21193
21216
21218
21237
21252
21286
21288
21318
21341
21343
21362
21377
21407
21409
21413
21429
21451
21453
21457
21483
21485
21500
21522
21524
21543
21545
21568
21589
21591
21598
21628
21646
21648
21655
21682
21719
21721
21749
21779
21781
21785
21789
21809
21839
21841
21845
21849
21853
21857
21869
21899
21901
21905
21909
21913
21929
21985
21987
21991
21995
22015
22071
22073
22077
22101
22157
22159
22175
22181
22187
22217
22219
22225
22247
22301
22303
22331
22378
22434
22436
22440
22456
22478
22480
22484
22510
22512
22541
22543
22582
22584
22596
22650
22652
22656
22672
22694
22696
22700
22726
22728
22757
22759
22800
22802
22814
22848
22850
22878
22900
22902
22906
22910
22930
22952
22954
22958
22962
22966
22970
22982
23004
23006
23010
23014
23018
23034
23082
23084
23088
23092
23112
23160
23162
23166
23190
23238
23240
23256
23262
23268
23290
23292
23298
23320
23366
23368
23396
23435
23483
23485
23511
23513
23541
23563
23565
23577
23623
23625
23651
23653
23683
23705
23707
23719
23730
23732
23736
23754
23756
23768
23770
23776
23806
23808
23847
23877
23879
23928
23958
23960
24003
24027
24029
24034
24058
24063
24087
24089
24100
24103
24131
24133
24159
24161
24188
24190
24196
24223
24225
