4
56
52 60 66 9
8
51 55
25 52 60 66
14 52 60 66
3
52 60 66 9
8
51 55
23 52 60 66
8
45 52 60 63
7
56
52 60 66
52 60 66
56
52 60 66
1
52 60 66
56
54
58
54
58
54
58
54
58
54
58
54
58
54
58
54
58
54
58
54
58
54
58
54
58
54
58
54
58
54
58
54
54
56
64 65
54
56
46
64 65
47
52 60 66
64 65
54
56
46
64 65
54
47
43 52 60 66
54
56
46
64 65
64 65
64 65
47
43 52 60 66
54
56
64 65
54
54
54
56
46
64 65
64 65
64 65
47
54
54
56
46
64 65
64 65
64 65
47
54
54
56
52 60 66
54
54
54
56
52 60 66
54
54
54
56
52 60 66
54
54
52 60 66
54
54
56
52 60 66
54
54
52 60 66
54
54
56
46
64 65
54
47
43 52 60 66
54
54
56
46
64 65
54
47
54
54
54
56
46
64 65
54
47
43 52 60 66
54
54
56
46
64 65
64 65
64 65
47
54
54
56
46
64 65
47
54
46
64 65
64 65
47
54
54
56
46
64 65
47
54
46
64 65
64 65
47
54
54
56
46
64 65
47
54
46
64 65
64 65
47
54
54
56
46
64 65
64 65
47
54
46
64 65
64 65
47
54
56
64 65
58
64 65
58
64 65
54
56
52 60 66
46
54
47
54
54
56
52 60 66
46
54
47
54
54
56
54
1
41 52 60 66
8
54
38 52 60 66
8
45 52 60 63
54
56
54
1
41 52 60 66
8
54
38 52 60 66
8
45 52 60 63
54
56
54
1
41 52 60 66
8
54
38 52 60 66
8
45 52 60 63
54
56
54
1
41 52 60 66
8
54
38 52 60 66
8
45 52 60 63
54
56
52 60 66
54
54
56
52 60 66
54
54
56
54
54
56
54
54
56
54
54
56
54
54
56
54
54
56
54
54
56
54
54
56
54
54
56
54
54
56
54
54
56
54
54
56
54
0
54
56
54
0
54
56
54
0
54
56
54
0
54
56
54
0
54
56
54
0
54
56
54
0
54
56
54
0
54
56
54
0
54
56
54
0
54
56
54
0
54
56
52 60 66 9
58
54
54
56
54
58
54
54
56
54
58
54
58
54
58
54
58
54
54
56
54
58
54
54
56
52 60 66 9
58
54
58
54
54
56
52 60 66 9
58
54
58
54
58
54
58
52 60 66
58
54
54
56
52 60 66 9
58
54
58
54
58
54
58
52 60 66
58
54
54
56
52 60 66 9
58
54
58
54
58
54
54
56
52 60 66
58
54
54
56
52 60 66
58
54
54
56
54
58
54
58
54
54
56
64 65
52 60 66 9
56
46
64 65
64 65
47
54
54
56
46
64 65
64 65
64 65
47
54
56
46
64 65
64 65
64 65
47
54
56
46
64 65
64 65
64 65
47
54
56
46
64 65
64 65
47
54
54
56
46
64 65
64 65
47
52 60 66
54
56
46
64 65
64 65
47
54
54
56
46
64 65
64 65
47
54
54
56
46
64 65
64 65
47
54
54
56
46
64 65
64 65
47
54
54
56
46
64 65
64 65
64 65
47
54
54
56
46
64 65
64 65
47
54
54
56
46
64 65
64 65
47
52 60 66
54
56
46
64 65
64 65
47
52 60 66
54
56
46
64 65
64 65
47
54
54
56
64 65
58
64 65
54
56
54
54
54
56
46
64 65
47
54
54
56
64 65
58
64 65
54
56
54
56
54
58
54
54
56
54
58
54
54
56
54
58
54
58
54
52 60 66
56
54
52 60 66
56
54
1
54
56
54
54
56
54
54
56
54
54
56
46
64 65
47
54
46
64 65
47
54
56
54
1
54
56
43 52 60 66
58
54
43 52 60 66
56
54
54
56
54
58
54
54
56
54
58
54
58
54
5
57
52 60 66
52 60 66
57
55
1
5
57
54
54
57
54
58
54
54
57
64 65
54
54
54
57
64 65
54
54
57
54
0
54
57
55
54
57
55
54
57
64 65
54
57
64 65
54
57
64 65
54
57
64 65
52 60 66
56
64 65
58
64 65
54
57
64 65
58
64 65
54
57
54
58
54
54
54
57
55
54
57
55
1
52 60 66
57
55
54
57
54
54
54
57
54
54
54
57
55
1
54
57
55
0
54
57
54
54
57
64 65
54
57
54
1
41 52 60 66
8
54
38 52 60 66
8
45 52 60 63
54
57
54
54
57
55
54
54
57
64 65
54
64 65
54
57
55
1
54
57
54
54
54
54
57
64 65
54
57
64 65
52 60 66
54
57
64 65
54
57
52 60 66
64 65
54
57
54
0
41 52 60 66
8
54
54
57
64 65
54
57
64 65
52 60 66
54
57
64 65
58
64 65
58
64 65
58
64 65
58
64 65
58
64 65
58
64 65
58
64 65
58
64 65
58
64 65
54
57
54
54
54
57
54
54
57
54
54
54
57
54
54
58
54
54
57
52 60 66
54
54
57
54
58
54
54
57
52 60 66
54
58
64 65
52 60 66
52 60 66
54
58
64 65
52 60 66
52 60 66
52 60 66
52 60 66
54
58
64 65
52 60 66
52 60 66
52 60 66
54
58
64 65
52 60 66
52 60 66
54
58
64 65
52 60 66
54
58
54
52 60 66
52 60 66
54
58
52 60 66
52 60 66
54
58
52 60 66
54
54
57
54
58
54
54
58
54
54
57
54
58
54
54
58
54
54
57
55
54
57
55
52 60 66
57
55
54
57
55
52 60 66
57
55
52 60 66
57
55
52 60 66
57
64 65
54
57
55
54
57
55
54
57
55
54
57
54
54
54
57
54
54
54
57
54
58
54
54
57
54
54
58
54
54
54
57
54
54
58
54
54
54
57
54
54
58
54
54
54
57
64 65
54
54
58
64 65
54
58
54
54
57
54
58
54
54
57
52 60 66
54
54
57
52 60 66
54
54
57
52 60 66
54
58
64 65
52 60 66
52 60 66
54
58
64 65
52 60 66
52 60 66
52 60 66
52 60 66
54
58
64 65
52 60 66
52 60 66
52 60 66
54
58
64 65
52 60 66
52 60 66
54
58
64 65
52 60 66
54
58
54
52 60 66
52 60 66
54
58
52 60 66
52 60 66
54
58
52 60 66
54
54
57
64 65
54
54
58
64 65
54
58
54
58
54
58
54
54
57
64 65
54
54
58
64 65
54
58
54
58
54
58
54
54
57
52 60 66
54
58
64 65
52 60 66
52 60 66
54
58
64 65
52 60 66
52 60 66
52 60 66
52 60 66
54
58
64 65
52 60 66
52 60 66
52 60 66
54
58
64 65
52 60 66
52 60 66
54
58
64 65
52 60 66
54
58
54
52 60 66
52 60 66
54
58
52 60 66
52 60 66
54
58
52 60 66
54
54
57
54
58
54
54
58
54
54
57
54
58
54
54
58
54
54
57
64 65
54
57
64 65
58
64 65
54
57
55
54
57
55
54
57
55
54
57
64 65
54
64 65
54
57
55
1
54
57
54
0
54
57
64 65
54
57
64 65
