4
205
123 210 244 9
8
122 149
123 210 244 25
123 14 210 244
3
123 210 244 9
8
122 149
123 210 23 244
8
100 123 210 240
7
205
123 210 244
123 210 244
205
123 210 244
1
123 210 244
205
127
207
127
207
127
207
127
207
127
207
127
207
127
207
127
207
127
207
127
207
127
207
127
207
127
207
127
207
127
207
127
127
205
242 243
127
205
108
242 243
109
123 210 244
242 243
127
205
108
242 243
127
109
123 210 244 43
127
205
108
242 243
242 243
242 243
109
123 210 244 43
127
205
242 243
127
127
127
205
108
242 243
242 243
242 243
109
127
127
205
108
242 243
242 243
242 243
109
127
127
205
123 210 244
127
127
127
205
123 210 244
127
127
127
205
123 210 244
127
127
123 210 244
127
127
205
123 210 244
127
127
123 210 244
127
127
205
108
242 243
127
109
123 210 244 43
127
127
205
108
242 243
127
109
127
127
127
205
108
242 243
127
109
123 210 244 43
127
127
205
108
242 243
242 243
242 243
109
127
127
205
108
242 243
109
127
108
242 243
242 243
109
127
127
205
108
242 243
109
127
108
242 243
242 243
109
127
127
205
108
242 243
109
127
108
242 243
242 243
109
127
127
205
108
242 243
242 243
109
127
108
242 243
242 243
109
127
205
242 243
207
242 243
207
242 243
127
205
123 210 244
108
127
109
127
127
205
123 210 244
108
127
109
127
127
205
127
1
123 210 244 41
8
127
123 210 244 38
8
100 123 210 240
127
205
127
1
123 210 244 41
8
127
123 210 244 38
8
100 123 210 240
127
205
127
1
123 210 244 41
8
127
123 210 244 38
8
100 123 210 240
127
205
127
1
123 210 244 41
8
127
123 210 244 38
8
100 123 210 240
127
205
123 210 244
127
127
205
123 210 244
127
127
205
127
127
205
127
127
205
127
127
205
127
127
205
127
127
205
127
127
205
127
127
205
127
127
205
127
127
205
127
127
205
127
127
205
127
0
127
205
127
0
127
205
127
0
127
205
127
0
127
205
127
0
127
205
127
0
127
205
127
0
127
205
127
0
127
205
127
0
127
205
127
0
127
205
127
0
127
205
123 210 244 9
207
127
127
205
127
207
127
127
205
127
207
127
207
127
207
127
207
127
127
205
127
207
127
127
205
123 210 244 9
207
127
207
127
127
205
123 210 244 9
207
127
207
127
207
127
207
123 210 244
207
127
127
205
123 210 244 9
207
127
207
127
207
127
207
123 210 244
207
127
127
205
123 210 244 9
207
127
207
127
207
127
127
205
123 210 244
207
127
127
205
123 210 244
207
127
127
205
127
207
127
207
127
127
205
242 243
123 210 244 9
205
108
242 243
242 243
109
127
127
205
108
242 243
242 243
242 243
109
127
205
108
242 243
242 243
242 243
109
127
205
108
242 243
242 243
242 243
109
127
205
108
242 243
242 243
109
127
127
205
108
242 243
242 243
109
123 210 244
127
205
108
242 243
242 243
109
127
127
205
108
242 243
242 243
109
127
127
205
108
242 243
242 243
109
127
127
205
108
242 243
242 243
109
127
127
205
108
242 243
242 243
242 243
109
127
127
205
108
242 243
242 243
109
127
127
205
108
242 243
242 243
109
123 210 244
127
205
108
242 243
242 243
109
123 210 244
127
205
108
242 243
242 243
109
127
127
205
242 243
207
242 243
127
205
127
127
127
205
108
242 243
109
127
127
205
242 243
207
242 243
127
205
127
205
127
207
127
127
205
127
207
127
127
205
127
207
127
207
127
123 210 244
205
127
123 210 244
205
127
1
127
205
127
127
205
127
127
205
127
127
205
108
242 243
109
127
108
242 243
109
127
205
127
1
127
205
123 210 244 43
207
127
123 210 244 43
205
127
127
205
127
207
127
127
205
127
207
127
207
127
5
206
123 210 244
123 210 244
206
149
1
5
206
127
127
206
127
207
127
127
206
242 243
127
127
127
206
242 243
127
127
206
127
0
127
206
149
127
206
149
127
206
242 243
127
206
242 243
127
206
242 243
127
206
242 243
123 210 244
205
242 243
207
242 243
127
206
242 243
207
242 243
127
206
127
207
127
127
127
206
149
127
206
149
1
123 210 244
206
149
127
206
127
127
127
206
127
127
127
206
149
1
127
206
149
0
127
206
127
127
206
242 243
127
206
127
1
123 210 244 41
8
127
123 210 244 38
8
100 123 210 240
127
206
127
127
206
149
127
127
206
242 243
127
242 243
127
206
149
1
127
206
127
127
127
127
206
242 243
127
206
242 243
123 210 244
127
206
242 243
127
206
123 210 244
242 243
127
206
127
0
123 210 244 41
8
127
127
206
242 243
127
206
242 243
123 210 244
127
206
242 243
207
242 243
207
242 243
207
242 243
207
242 243
207
242 243
207
242 243
207
242 243
207
242 243
207
242 243
127
206
127
127
127
206
127
127
206
127
127
127
206
127
127
207
127
127
206
123 210 244
127
127
206
127
207
127
127
206
123 210 244
127
207
242 243
123 210 244
123 210 244
127
207
242 243
123 210 244
123 210 244
123 210 244
123 210 244
127
207
242 243
123 210 244
123 210 244
123 210 244
127
207
242 243
123 210 244
123 210 244
127
207
242 243
123 210 244
127
207
127
123 210 244
123 210 244
127
207
123 210 244
123 210 244
127
207
123 210 244
127
127
206
127
207
127
127
207
127
127
206
127
207
127
127
207
127
127
206
149
127
206
149
123 210 244
206
149
127
206
149
123 210 244
206
149
123 210 244
206
149
123 210 244
206
242 243
127
206
149
127
206
149
127
206
149
127
206
127
127
127
206
127
127
127
206
127
207
127
127
206
127
127
207
127
127
127
206
127
127
207
127
127
127
206
127
127
207
127
127
127
206
242 243
127
127
207
242 243
127
207
127
127
206
127
207
127
127
206
123 210 244
127
127
206
123 210 244
127
127
206
123 210 244
127
207
242 243
123 210 244
123 210 244
127
207
242 243
123 210 244
123 210 244
123 210 244
123 210 244
127
207
242 243
123 210 244
123 210 244
123 210 244
127
207
242 243
123 210 244
123 210 244
127
207
242 243
123 210 244
127
207
127
123 210 244
123 210 244
127
207
123 210 244
123 210 244
127
207
123 210 244
127
127
206
242 243
127
127
207
242 243
127
207
127
207
127
207
127
127
206
242 243
127
127
207
242 243
127
207
127
207
127
207
127
127
206
123 210 244
127
207
242 243
123 210 244
123 210 244
127
207
242 243
123 210 244
123 210 244
123 210 244
123 210 244
127
207
242 243
123 210 244
123 210 244
123 210 244
127
207
242 243
123 210 244
123 210 244
127
207
242 243
123 210 244
127
207
127
123 210 244
123 210 244
127
207
123 210 244
123 210 244
127
207
123 210 244
127
127
206
127
207
127
127
207
127
127
206
127
207
127
127
207
127
127
206
242 243
127
206
242 243
207
242 243
127
206
149
127
206
149
127
206
149
127
206
242 243
127
242 243
127
206
149
1
127
206
127
0
127
206
242 243
127
206
242 243
