8
3
6
2
19
6
7
1
6
2
20
4
2
1
6
3
10
10
3
9
1
9
3
12
1
12
1
16
1
17
1
15
1
17
1
14
1
14
1
26
1
27
1
13
1
30
1
26
1
30
1
25
1
24
16
3
3
17
3
1
3
1
10
3
12
3
1
8
16
1
6
12
3
1
7
8
4
1
6
14
3
10
16
21
26
3
1
8
9
3
1
28
27
3
1
9
9
3
1
29
12
3
3
16
23
12
3
3
18
25
17
3
3
16
15
10
28
17
3
3
18
15
10
30
14
3
1
10
18
1
6
21
14
3
1
10
18
1
17
21
13
3
1
9
18
1
6
20
25
3
1
9
7
4
1
12
30
3
1
7
1
22
1
3
11
1
13
26
3
1
7
1
22
1
3
8
1
13
30
3
1
7
1
22
1
3
11
1
13
24
3
1
14
4
1
24
1
4
9
1
24
3
6
1
4
1
7
15
3
3
1
16
1
16
15
3
3
1
18
1
18
16
3
18
1
9
2
11
6
2
1
18
3
20
1
9
2
11
6
2
1
18
3
17
1
9
2
19
6
2
1
20
3
19
1
9
2
19
6
2
1
17
3
3
29
19
3
3
31
21
3
27
21
3
27
20
3
26
29
3
35
28
3
34
29
3
35
23
3
29
28
3
34
31
3
37
25
3
31
30
3
36
27
3
21
1
27
3
21
1
26
3
20
1
35
3
29
1
34
3
28
1
35
3
29
1
29
3
23
1
34
3
28
1
37
3
31
1
31
3
25
1
36
3
30
1
21
3
6
1
13
21
3
21
1
13
20
3
21
1
20
1
24
1
21
1
13
29
3
21
1
13
28
3
6
1
20
1
13
29
3
6
1
18
1
19
1
19
1
6
1
13
23
3
6
1
18
1
19
1
19
1
6
1
13
28
3
6
1
25
1
22
1
13
31
3
6
1
13
25
3
6
1
13
30
3
25
1
22
1
13
13
3
3
6
3
1
8
4
1
13
18
3
1
7
4
6
1
19
3
1
7
4
7
1
19
3
1
7
4
7
1
25
3
1
11
4
1
15
22
3
1
8
4
1
7
20
3
1
6
4
1
16
24
3
1
10
4
1
16
21
3
1
7
4
1
17
28
3
1
14
4
1
23
28
3
1
6
6
4
1
23
21
3
1
7
4
1
22
20
3
1
11
4
1
7
20
3
1
6
4
1
7
8
3
1
6
4
1
18
23
3
5
1
6
22
3
12
19
19
3
1
3
1
11
11
3
4
1
5
19
3
18
3
15
1
20
12
3
15
1
20
12
3
15
1
20
1
21
3
3
13
3
3
13
1
13
3
15
13
3
22
13
3
32
32
3
1
3
1
18
1
3
1
18
3
13
1
15
3
6
1
17
6
3
13
13
3
11
1
16
13
3
11
1
22
1
18
8
1
10
10
1
11
1
8
1
14
14
1
25
1
33
25
1
3
19
21
33
1
3
19
19
1
19
1
21
1
22
19
1
23
16
1
5
18
1
3
11
1
4
19
1
3
10
3
3
1
3
17
1
8
1
7
16
1
9
1
6
9
6
1
6
9
1
11
1
7
1
4
21
1
14
29
22
1
14
29
29
1
12
1
30
1
12
1
17
1
29
14
1
4
11
1
17
1
9
2
14
6
2
1
11
1
29
15
1
8
30
16
1
3
23
3
23
1
21
1
18
1
31
29
32
31
1
3
31
1
3
10
32
1
3
32
1
10
3
29
1
24
1
9
2
34
34
1
3
34
1
3
10
24
1
7
1
8
1
9
1
10
1
6
1
5
1
8
1
6
1
7
1
8
1
5
22
1
24
27
20
1
24
24
1
13
18
18
1
19
17
1
21
21
1
6
29
17
1
14
1
18
29
1
7
17
1
3
3
3
17
1
3
3
3
3
3
17
1
3
3
3
3
43
1
3
3
3
43
1
3
3
43
1
15
5
5
17
1
5
5
41
1
5
41
43
1
21
1
31
17
1
14
41
1
21
1
33
17
1
14
13
1
3
14
1
3
5
1
5
15
1
5
3
1
12
7
1
11
6
1
4
19
1
32
31
1
42
33
1
35
17
1
19
27
19
1
9
21
21
1
18
1
20
18
1
15
21
1
18
13
30
1
27
21
1
18
13
32
1
29
21
1
18
13
21
1
3
15
13
1
3
17
1
13
13
1
10
1
21
20
1
6
28
17
1
6
25
28
1
7
21
1
3
3
3
21
1
3
3
3
3
3
21
1
3
3
3
3
47
1
3
3
3
47
1
3
3
47
1
15
5
5
21
1
5
5
45
1
5
45
47
1
3
15
13
1
3
17
1
20
1
30
1
10
45
1
3
15
13
1
3
17
1
20
1
32
1
10
25
1
7
13
1
3
3
3
13
1
3
3
3
3
3
13
1
3
3
3
3
39
1
3
3
3
39
1
3
3
39
1
15
5
5
13
1
5
5
37
1
5
37
39
1
17
1
27
13
1
10
37
1
17
1
29
13
1
10
10
1
3
9
1
3
1
4
15
1
38
27
1
48
29
1
41
18
1
4
23
4
23
1
11
1
27
1
26
1
26
1
5
26
1
4
